- AFC
111488
111506
111533
111528
111526
111521
111518
111515
111510
111505
111504

- ALGERIA
150650

- ARGENTINA
101088
111716
111715
110394
1013
110406
110580
1876
101085
112689
110581
111711
110396
111707
110395
112713
110093
101084
111706
111710
101083
112965
112670
1877
113044
110404
111708
111019

- BELGIUM
15005
232
670
680
112695
2014
229
100087
682
110724
100081
681
673
2013
674
231
1750
230

- BRAZIL
1719
569
598
383
111041
1048
1629
111052
567
1043
115530
568
111046
1041
112472
517
1598
1039
112119
1035

- CLASSIC TEAM 1
114815
128404
127889
111205
127993
127949
127925
128397
128322
128000
127948
128299
114420
114421
128396
114419
128028
128004
128400
127950
127924
127951
128401
114422
128399
128362
128338
128398

- CLASSIC TEAM 2
127909
127906
127910
127904
127903
115510
127907
127905
127908
126425
127886
127901
127902
127885
127887

- DENMARK
1443
270
1786
272
15001
1788
1516
819
269
1446
271
820

- ECUADOR
114581
110987
114615
110986
110982
114580
110984
112908
110981

- EGYPT 
155450
155449
155447
155448
150735

- PREMIER LEAGUE
110
19
18
1794
14
13
11
10
1923
9
144
7
1799
5
1796
1808
1925
1943
2
1

- FL CHAMPIONSHIP
109
1795
1960
106
1806
17
1807
1797
15
1801
1929
1792
97
12
95
8
94
1952
1939
1800
1961
1919
3
88

- FOOTBALL LEAGUE 1
1933
1917
361
127
1793
1928
1790
1938
1951
1930
149
1958
112260
143
91
1936
89
1480
1944
15015
1962
4
1926
1932

- FOOTBALL LEAGUE 2
1947
1803
15048
1934
110799
1931
113926
1937
112254
357
1798
1940
112222
92
1802
561
142
121
110890
1935
1804
381
112259
110313

- BARCLAYS WSL
116014
116011
116018
116012
116017
116343
116020
116016
116010
116013
116015
116009

-LIGUE 1
1809
74
379
278
76
64
73
219
66
72
70
65
1738
71
68
217
1815
69

LIGUE 2
110456
112552
1814
210
58
111659
110321
111817
224
1805
59
226
294
62
110569
115494
1813
1819
1530
1816
57
614

- D1 ARKEMA
116039
116040
116041
116386
116034
116035
116033
116037
116416
116038
116036
116042

- BUNDESLIGA
38
175
160
36
1831
110502
25
112172
21
100409
1824
23
22
32
169
31
111235
10029

- BUNDESLIGA 2
487
492
580
10030
1832
29
576
166
27
485
28
165
110636
110329
34
110500
171
110588

- BRI LIGA 1 
155618
155610
155615
155601
155605
155620
155617
155616
155612
155603
155602
155604
155621
155614
155611
155606
155607
155600

- PEGADAIAN LIGA 2
155619
155613
155623
155622
155608
155609

- INTERNASIONAL MEN'S
111489
1367
111488
111487
111536
111485
1377
1387
1366
1365
1391
111506
111533
111532
111530
1364
1363
1362
111099
1361
1360
111528
110082
1667
1359
111114
1357
1356
111527
1354
1353
111526
111108
1375
111475
111525
111523
1352
110081
1392
111473
105035
111521
111111
1386
111550
111518
111515
111514
974
111513
1411
111481
1343
1355
111512
111115
111510
111466
1341
1886
111464
112048
1338
111462
1337
1336
111461
105022
1335
1334
1318
111130
111465
1331
1330
1328
111112
1383
111545
111109
1413
111459
111456
111455
1395
111505
111453
1327
111504
1370
105013
111451
1325
111391
1322
1415
1369
111449
111448
1319

- INTERNATIONAL WOMAN'S
131145
131141
113009
131140
113008
113012
113998
113984
115682
131143
131148
113007
113997
113258
113011
131144
113010
113987
113006
113991
113005
116440
115511
116428
131147
113004
113003
113002
115362
131142
131139
113001
113000
112999
113394
112998
113996

- SERIE A
55
54
111974
110373
52
48
47
347
46
45
44
206
110556
111657
110374
1746
1842
189
39
111811

- SERIE B
205
111434
570
112791
1837
203
110738
199
50
1843
1744
110741
112494
112168
1745
111993
190
112026
1848
1847

- MALAYSIA SUPER LEAGUE
115616
115617
115620
115619
115618

- LIGA BANCOMER MX
1881
1882
111678
1970
110144
110150
110152
110147
101121
1032
114899
110781
113134
1880
1878
112678
101114
1879

- BOTOLA PRO INWI
111499
111500
111498

- EREDIVISIE
1909
100646
1913
647
1905
247
1910
100632
634
246
645
1903
1908
1915
100628
1971
1906
245

- LIGA NOS
1887
111539
237
234
1896
1438
744
10031
1892
1893
1888
236
112809
10020
518
114510
1898
112513

- REST OF WORLD
100769
110943
133333
112558
114424
101059
110870
114427
393
1884
280
114423
111596
101105
114425
101101
114429
263
114430
114426
111353
114428
101047
211
101102
315
101100
101099
278

- REST OF WORLD 2
126985
126986

- ALJ LEAGUE
113217
112096
112408
112572
112393
111674
113037
112392
113060
112139
112883
607
605
113222
113057
112390
112387
112058

- SCOTTISH PREM
100805
100804
631
86
83
621
82
81
80
181
78
77

- SOUTH AFRICAN FL
110929
110935
110930

- LALIGA EA SPORT 
483
461
472
1861
481
457
243
449
453
480
110832
110062
1860
241
463
450
1968
479
240
448

- LALIGA HYPERMOTION
110902
113981
459
2023
110839
467
244
462
110827
452
456
573
1853
100851
468
260
110069
110831 
100888
10846
114554
1854

- LIGA F
116326
116330
116325
116328
116327

- RAIFFEISEN SL
324
322
894
1713
898
110770
897
10032
896
900

- THAI LEAGUE 1
150600
150601

- SUPER LIG
113796
436
101041
101007
101014
101033
101020
111339
746
101028
112120
110776
325
326
111117
327
741
113142
101016

- MEN'S CHAMPHION LEAGUE
1831
234
101059
481
1896
457
243
64
191
112172
247
73
13
48
47
11
10
46
44
325
246
236
819
21
241
101078
78
900
22
240
1
230

- WOMEN'S CHAMPIONS LEAGUE
115998
116326
116034
116033
116280
115995
116325
115997
116010
116009

- EUROPE LEAGUE
19
483
1809
74
237
267
266
209
324
25
2014
52
449
86
114326
100055
1884
219
280
417
399
65
9
252
100616
1808
32
39
245
278

- MLS
101112
111651
696
111144
111928
111065
111140
112134
112606
689
112828
691
114162
111139
111138
112996
697
112893
698
695
112149
688
687
694
693
114640
114161
112885

- USA NWSL
116303
116304
116302
116300

- V.LEAGUE 1
150631
150632
150630